pidlabels <- c('DU incr', 'FAR incr', 'DU decr')

secondary.f <- list(
"1"=c(5825, 5826, 6215,6223, 6225, 6316 ),
"2"=c(325, 1330, 1505,1506, 5715, 5716,5815, 5915,6114,6115,  6124, 6125,6126, 6213, 6215,6223, 6224, 6225,  6316, 6325 ),
"3"=c(3816, 5716,5815, 5915, 6114, 6124, 6125,6213, 6215, 6223, 6224, 6225,  6316, 6325))

primary.f <- list("2"=c(1310,
1320, 1410,1420,  1605,1606,1710,1720,1810,5720, 5916, 5925, 6113,6113,6123, 6216,6226,6326 ),
"1"= c(4900, 6010,6020, 6113, 6123),
"3"=c(5916, 5925, 6010, 6113,6113,6123, 6216,6226,6326 ))